C:\Users\853uj\PyCharmProject\DVE_HW2\wind\wind02.jpg
708 434

1 0 216.5 
0 1 353.5 
0 0 1 

0.99981 -0.00205531 -0.0193851 
0.00205493 0.999998 -3.98463e-005 
0.0193851 7.78636e-010 0.999812 

685.157

C:\Users\853uj\PyCharmProject\DVE_HW2\wind\wind03.jpg
708 434

1 0 216.5 
0 1 353.5 
0 0 1 

0.999762 -0.0046158 -0.0213258 
0.00356559 0.998791 -0.0490243 
0.0215263 0.0489366 0.99857 

688.549

C:\Users\853uj\PyCharmProject\DVE_HW2\wind\wind04.jpg
708 434

1 0 216.5 
0 1 353.5 
0 0 1 

0.999712 -0.00605932 -0.0231971 
0.00381798 0.995425 -0.0954734 
0.0236695 0.0953574 0.995162 

691.852

C:\Users\853uj\PyCharmProject\DVE_HW2\wind\wind05.jpg
708 434

1 0 216.5 
0 1 353.5 
0 0 1 

0.999641 -0.0082003 -0.0255026 
0.00459651 0.990382 -0.138282 
0.0263913 0.138116 0.990064 

697.078

C:\Users\853uj\PyCharmProject\DVE_HW2\wind\wind01.jpg
708 434

1 0 216.5 
0 1 353.5 
0 0 1 

0.999846 0.00101688 -0.0175202 
-0.000123552 0.998703 0.0509139 
0.0175492 -0.0509039 0.998549 

683.126

